{
    "customer_1": {
        "coordinates": {
            "x": 93.0,
            "y": 43.0
        },
        "demand": 11.0,
        "pick_up": 7.0
    },
    "customer_10": {
        "coordinates": {
            "x": 103.0,
            "y": 47.0
        },
        "demand": 15.0,
        "pick_up": 13.0
    },
    "customer_11": {
        "coordinates": {
            "x": 38.0,
            "y": 9.0
        },
        "demand": 20.0,
        "pick_up": 13.0
    },
    "customer_12": {
        "coordinates": {
            "x": 100.0,
            "y": 51.0
        },
        "demand": 20.0,
        "pick_up": 15.0
    },
    "customer_13": {
        "coordinates": {
            "x": 60.0,
            "y": 11.0
        },
        "demand": 3.0,
        "pick_up": 18.0
    },
    "customer_14": {
        "coordinates": {
            "x": 15.0,
            "y": 19.0
        },
        "demand": 3.0,
        "pick_up": 18.0
    },
    "customer_15": {
        "coordinates": {
            "x": 39.0,
            "y": 18.0
        },
        "demand": 12.0,
        "pick_up": 20.0
    },
    "customer_16": {
        "coordinates": {
            "x": 102.0,
            "y": 47.0
        },
        "demand": 25.0,
        "pick_up": 20.0
    },
    "customer_17": {
        "coordinates": {
            "x": 103.0,
            "y": 59.0
        },
        "demand": 2.0,
        "pick_up": 23.0
    },
    "customer_18": {
        "coordinates": {
            "x": 10.0,
            "y": 82.0
        },
        "demand": 15.0,
        "pick_up": 23.0
    },
    "customer_19": {
        "coordinates": {
            "x": 39.0,
            "y": 9.0
        },
        "demand": 24.0,
        "pick_up": 5.0
    },
    "customer_2": {
        "coordinates": {
            "x": 57.0,
            "y": 4.0
        },
        "demand": 3.0,
        "pick_up": 13.0
    },
    "customer_20": {
        "coordinates": {
            "x": 97.0,
            "y": 52.0
        },
        "demand": 2.0,
        "pick_up": 12.0
    },
    "customer_21": {
        "coordinates": {
            "x": 18.0,
            "y": 97.0
        },
        "demand": 6.0,
        "pick_up": 10.0
    },
    "customer_22": {
        "coordinates": {
            "x": 32.0,
            "y": 13.0
        },
        "demand": 15.0,
        "pick_up": 7.0
    },
    "customer_23": {
        "coordinates": {
            "x": 96.0,
            "y": 45.0
        },
        "demand": 2.0,
        "pick_up": 7.0
    },
    "customer_24": {
        "coordinates": {
            "x": 11.0,
            "y": 21.0
        },
        "demand": 13.0,
        "pick_up": 5.0
    },
    "customer_25": {
        "coordinates": {
            "x": 15.0,
            "y": 96.0
        },
        "demand": 9.0,
        "pick_up": 12.0
    },
    "customer_26": {
        "coordinates": {
            "x": 10.0,
            "y": 81.0
        },
        "demand": 11.0,
        "pick_up": 15.0
    },
    "customer_27": {
        "coordinates": {
            "x": 13.0,
            "y": 24.0
        },
        "demand": 26.0,
        "pick_up": 10.0
    },
    "customer_28": {
        "coordinates": {
            "x": 0.0,
            "y": 8.0
        },
        "demand": 16.0,
        "pick_up": 7.0
    },
    "customer_29": {
        "coordinates": {
            "x": 103.0,
            "y": 59.0
        },
        "demand": 26.0,
        "pick_up": 5.0
    },
    "customer_3": {
        "coordinates": {
            "x": 2.0,
            "y": 80.0
        },
        "demand": 2.0,
        "pick_up": 17.0
    },
    "customer_30": {
        "coordinates": {
            "x": 33.0,
            "y": 11.0
        },
        "demand": 9.0,
        "pick_up": 7.0
    },
    "customer_31": {
        "coordinates": {
            "x": 13.0,
            "y": 94.0
        },
        "demand": 14.0,
        "pick_up": 10.0
    },
    "customer_32": {
        "coordinates": {
            "x": 63.0,
            "y": 5.0
        },
        "demand": 9.0,
        "pick_up": 13.0
    },
    "customer_33": {
        "coordinates": {
            "x": 3.0,
            "y": 87.0
        },
        "demand": 25.0,
        "pick_up": 10.0
    },
    "customer_34": {
        "coordinates": {
            "x": 14.0,
            "y": 25.0
        },
        "demand": 13.0,
        "pick_up": 8.0
    },
    "customer_4": {
        "coordinates": {
            "x": 10.0,
            "y": 17.0
        },
        "demand": 12.0,
        "pick_up": 13.0
    },
    "customer_5": {
        "coordinates": {
            "x": 31.0,
            "y": 8.0
        },
        "demand": 16.0,
        "pick_up": 15.0
    },
    "customer_6": {
        "coordinates": {
            "x": 10.0,
            "y": 87.0
        },
        "demand": 11.0,
        "pick_up": 10.0
    },
    "customer_7": {
        "coordinates": {
            "x": 97.0,
            "y": 50.0
        },
        "demand": 1.0,
        "pick_up": 10.0
    },
    "customer_8": {
        "coordinates": {
            "x": 16.0,
            "y": 93.0
        },
        "demand": 26.0,
        "pick_up": 7.0
    },
    "customer_9": {
        "coordinates": {
            "x": 98.0,
            "y": 48.0
        },
        "demand": 14.0,
        "pick_up": 10.0
    },
    "deport": {
        "coordinates": {
            "x": 78.0,
            "y": 95.0
        },
        "demand": 0.0,
        "pick_up": 0.0
    },
    "distance_matrix": [
        [
            0.0,
            54.120236510939236,
            93.39164844888434,
            77.46612162745726,
            103.47946656221224,
            98.88377015466189,
            68.46897107449476,
            48.84669896727925,
            62.03224967708329,
            51.07837115648854,
            54.120236510939236,
            94.847245611035,
            49.193495504995376,
            85.90692637965812,
            98.71676655968832,
            86.31338250816034,
            53.665631459994955,
            43.829214001622255,
            69.2314957226839,
            94.42986815621421,
            47.01063709417264,
            60.03332407921454,
            94.02127418834527,
            53.14132102234569,
            99.82484660644363,
            63.00793600809346,
            69.42621983083913,
            96.26006440887103,
            116.84605256490268,
            43.829214001622255,
            95.29428104561154,
            65.00769185258002,
            91.2414379544733,
            75.4254598925323,
            94.847245611035
        ],
        [
            54.120236510939236,
            0.0,
            53.075418038862395,
            98.2344135219425,
            86.97700845625813,
            71.19691004531025,
            93.94147114027967,
            8.06225774829855,
            91.80958555619343,
            7.0710678118654755,
            10.770329614269007,
            64.66065264130884,
            10.63014581273465,
            45.967379738244816,
            81.60882305241266,
            59.50630218724736,
            9.848857801796104,
            18.867962264113206,
            91.706052144883,
            63.812224534175265,
            9.848857801796104,
            92.41753080449618,
            67.97793759742936,
            3.605551275463989,
            84.8999411071645,
            94.30270409696638,
            91.28526715741155,
            82.22530024268686,
            99.36800289831733,
            18.867962264113206,
            68.0,
            94.87360012142472,
            48.41487374764082,
            100.17983829094555,
            81.02468759581859
        ],
        [
            93.39164844888434,
            53.075418038862395,
            0.0,
            93.81364506296512,
            48.76474136094644,
            26.30589287593181,
            95.38343671728336,
            60.959002616512684,
            97.98979538707079,
            60.14149981501958,
            62.96824596572466,
            19.6468827043885,
            63.702433234531945,
            7.615773105863909,
            44.598206241955516,
            22.80350850198276,
            62.24146527838174,
            71.7007670809734,
            91.0659101969557,
            18.681541692269406,
            62.48199740725323,
            100.84641788382967,
            26.570660511172846,
            56.586217403180434,
            49.040799340956916,
            101.13357503816425,
            90.21086409075129,
            48.33218389437829,
            57.14017850864661,
            71.7007670809734,
            25.0,
            100.17983829094555,
            6.082762530298219,
            99.02019995940222,
            47.853944456021594
        ],
        [
            77.46612162745726,
            98.2344135219425,
            93.81364506296512,
            0.0,
            63.50590523722971,
            77.62087348130012,
            10.63014581273465,
            99.62429422585637,
            19.1049731745428,
            101.19288512538814,
            106.25441167311595,
            79.60527620704548,
            102.20078277586722,
            90.13878188659973,
            62.369864518050704,
            72.20110802473879,
            105.30432089900205,
            103.16006979447037,
            8.246211251235321,
            80.06247560499239,
            99.04039579888602,
            23.345235059857504,
            73.40980860893181,
            100.30453628824571,
            59.682493245507096,
            20.615528128088304,
            8.06225774829855,
            57.0701322935211,
            72.02777242147643,
            103.16006979447037,
            75.64390259630977,
            17.804493814764857,
            96.67471230885562,
            7.0710678118654755,
            56.293871780150276
        ],
        [
            103.47946656221224,
            86.97700845625813,
            48.76474136094644,
            63.50590523722971,
            0.0,
            22.847319317591726,
            70.0,
            93.04837451562494,
            76.23647421018367,
            93.30058949438637,
            97.71898484941399,
            29.120439557122072,
            96.20810776644555,
            50.35871324805669,
            5.385164807134504,
            29.017236257093817,
            96.76776322722355,
            102.04410811016969,
            65.0,
            30.083217912982647,
            93.77632963600144,
            80.39900496896712,
            22.360679774997898,
            90.44335243676011,
            4.123105625617661,
            79.1580697086532,
            64.0,
            7.615773105863909,
            13.45362404707371,
            102.04410811016969,
            23.769728648009426,
            77.05841939723393,
            54.3415126767741,
            70.34912934784623,
            8.94427190999916
        ],
        [
            98.88377015466189,
            71.19691004531025,
            26.30589287593181,
            77.62087348130012,
            22.847319317591726,
            0.0,
            81.74350127074322,
            78.23042886243178,
            86.31338250816034,
            78.03204469959762,
            81.88406438373708,
            7.0710678118654755,
            81.30190649671138,
            29.154759474226502,
            19.4164878389476,
            12.806248474865697,
            81.00617260431454,
            88.23264701911646,
            76.92203845452875,
            8.06225774829855,
            79.32212806020776,
            89.94442728707543,
            5.0990195135927845,
            74.79304780526061,
            23.853720883753127,
            89.44271909999159,
            75.96051605933177,
            24.08318915758459,
            31.0,
            88.23264701911646,
            3.605551275463989,
            87.86353054595519,
            32.14031735997639,
            83.81527307120105,
            24.041630560342615
        ],
        [
            68.46897107449476,
            93.94147114027967,
            95.38343671728336,
            10.63014581273465,
            70.0,
            81.74350127074322,
            0.0,
            94.54099639838793,
            8.48528137423857,
            96.25487000666512,
            101.23734488813898,
            82.87339742040264,
            96.93296652842108,
            90.97252332435328,
            68.18357573492314,
            74.84650960465692,
            100.31948963187563,
            97.12363255150623,
            5.0,
            83.21658488546619,
            93.77632963600144,
            12.806248474865697,
            77.20103626247513,
            95.70788891204319,
            66.007575322837,
            10.295630140987,
            6.0,
            63.071388124885914,
            79.63039620647382,
            97.12363255150623,
            79.40403012442127,
            7.615773105863909,
            97.63708311906906,
            7.0,
            62.12889826803627
        ],
        [
            48.84669896727925,
            8.06225774829855,
            60.959002616512684,
            99.62429422585637,
            93.04837451562494,
            78.23042886243178,
            94.54099639838793,
            0.0,
            91.706052144883,
            2.23606797749979,
            6.708203932499369,
            71.84705978674423,
            3.1622776601683795,
            53.75872022286245,
            87.66413177577246,
            66.24198064671678,
            5.830951894845301,
            10.816653826391969,
            92.69843580125827,
            71.02816342831905,
            2.0,
            91.92388155425118,
            74.79304780526061,
            5.0990195135927845,
            90.75791976461338,
            94.02127418834527,
            92.35799911215054,
            87.93179174792243,
            105.70241246064349,
            10.816653826391969,
            74.94664769020693,
            94.82615672903758,
            56.4003546088143,
            101.01980003939822,
            86.68333173107735
        ],
        [
            62.03224967708329,
            91.80958555619343,
            97.98979538707079,
            19.1049731745428,
            76.23647421018367,
            86.31338250816034,
            8.48528137423857,
            91.706052144883,
            0.0,
            93.53608929178085,
            98.41239759298622,
            86.83317338436964,
            93.91485505499116,
            93.05912099305473,
            74.00675644831355,
            78.44743462982075,
            97.52948272189288,
            93.40770846134703,
            12.529964086141668,
            87.09190547921202,
            90.78546139112804,
            4.47213595499958,
            81.58431221748455,
            93.29523031752481,
            72.17340230306452,
            3.1622776601683795,
            13.416407864998739,
            69.06518659932803,
            86.49277426467485,
            93.40770846134703,
            83.74365647617735,
            3.1622776601683795,
            99.76472322419383,
            14.317821063276353,
            68.0294054067798
        ],
        [
            51.07837115648854,
            7.0710678118654755,
            60.14149981501958,
            101.19288512538814,
            93.30058949438637,
            78.03204469959762,
            96.25487000666512,
            2.23606797749979,
            93.53608929178085,
            0.0,
            5.0990195135927845,
            71.56116265125938,
            3.605551275463989,
            53.03772242470448,
            87.92041856133307,
            66.18912297349165,
            4.123105625617661,
            12.083045973594572,
            94.33981132056604,
            70.7248188403477,
            4.123105625617661,
            93.81364506296512,
            74.70609078247904,
            3.605551275463989,
            91.09335870413386,
            95.88013350011565,
            93.98404119849285,
            88.32326986700618,
            105.84894897919393,
            12.083045973594572,
            74.79304780526061,
            96.64884893261792,
            55.44366510251645,
            102.69371937952194,
            87.09190547921202
        ],
        [
            54.120236510939236,
            10.770329614269007,
            62.96824596572466,
            106.25441167311595,
            97.71898484941399,
            81.88406438373708,
            101.23734488813898,
            6.708203932499369,
            98.41239759298622,
            5.0990195135927845,
            0.0,
            75.29276193632427,
            5.0,
            56.08029957123981,
            92.34717104492157,
            70.26378868236469,
            1.0,
            12.0,
            99.36800289831733,
            74.43117626371358,
            7.810249675906654,
            98.6154146165801,
            78.7210264160726,
            7.280109889280518,
            95.60334722173695,
            100.72239075796404,
            99.02019995940222,
            92.89241088485109,
            110.13627921806692,
            12.0,
            78.71467461661771,
            101.53324578678651,
            58.0,
            107.70329614269008,
            91.67878707749138
        ],
        [
            94.847245611035,
            64.66065264130884,
            19.6468827043885,
            79.60527620704548,
            29.120439557122072,
            7.0710678118654755,
            82.87339742040264,
            71.84705978674423,
            86.83317338436964,
            71.56116265125938,
            75.29276193632427,
            0.0,
            74.88658090739622,
            22.090722034374522,
            25.079872407968907,
            9.055385138137417,
            74.43117626371358,
            82.00609733428362,
            78.18567643756751,
            1.0,
            73.00684899377592,
            90.24411338142782,
            7.211102550927978,
            68.26419266350405,
            29.546573405388315,
            89.98888820293314,
            77.25283166331187,
            29.154759474226502,
            38.01315561749642,
            82.00609733428362,
            5.385164807134504,
            88.60022573334675,
            25.317977802344327,
            85.492689745966,
            28.844410203711913
        ],
        [
            49.193495504995376,
            10.63014581273465,
            63.702433234531945,
            102.20078277586722,
            96.20810776644555,
            81.30190649671138,
            96.93296652842108,
            3.1622776601683795,
            93.91485505499116,
            3.605551275463989,
            5.0,
            74.88658090739622,
            0.0,
            56.568542494923804,
            90.82400563727631,
            69.35416353759881,
            4.47213595499958,
            8.54400374531753,
            95.1892851112981,
            74.06078584514209,
            3.1622776601683795,
            94.02127418834527,
            77.89736837660179,
            7.211102550927978,
            93.92017887546851,
            96.17692030835673,
            94.86832980505137,
            91.09335870413386,
            108.85311203635843,
            8.54400374531753,
            78.03204469959762,
            97.04638066409278,
            59.033888572581766,
            103.46496991735899,
            89.8443097808648
        ],
        [
            85.90692637965812,
            45.967379738244816,
            7.615773105863909,
            90.13878188659973,
            50.35871324805669,
            29.154759474226502,
            90.97252332435328,
            53.75872022286245,
            93.05912099305473,
            53.03772242470448,
            56.08029957123981,
            22.090722034374522,
            56.568542494923804,
            0.0,
            45.70557952810576,
            22.135943621178654,
            55.31726674375732,
            64.4437739428721,
            86.83893136145792,
            21.095023109728988,
            55.226805085936306,
            95.70788891204319,
            28.071337695236398,
            49.51767361255979,
            50.00999900019995,
            96.17692030835673,
            86.02325267042627,
            48.76474136094644,
            60.07495318350236,
            64.4437739428721,
            27.0,
            95.38343671728336,
            6.708203932499369,
            95.0,
            48.08326112068523
        ],
        [
            98.71676655968832,
            81.60882305241266,
            44.598206241955516,
            62.369864518050704,
            5.385164807134504,
            19.4164878389476,
            68.18357573492314,
            87.66413177577246,
            74.00675644831355,
            87.92041856133307,
            92.34717104492157,
            25.079872407968907,
            90.82400563727631,
            45.70557952810576,
            0.0,
            24.020824298928627,
            91.39474820797966,
            96.66436778875658,
            63.198101237299845,
            26.0,
            88.3911760301898,
            78.05767098754612,
            18.027756377319946,
            85.07055894961546,
            4.47213595499958,
            77.0,
            62.20128616033595,
            5.385164807134504,
            18.601075237738275,
            96.66436778875658,
            19.697715603592208,
            75.02666192761077,
            50.0,
            69.05070600652827,
            6.082762530298219
        ],
        [
            86.31338250816034,
            59.50630218724736,
            22.80350850198276,
            72.20110802473879,
            29.017236257093817,
            12.806248474865697,
            74.84650960465692,
            66.24198064671678,
            78.44743462982075,
            66.18912297349165,
            70.26378868236469,
            9.055385138137417,
            69.35416353759881,
            22.135943621178654,
            24.020824298928627,
            0.0,
            69.35416353759881,
            76.00657866263946,
            70.26378868236469,
            9.0,
            67.23094525588644,
            81.74350127074322,
            8.602325267042627,
            63.071388124885914,
            28.160255680657446,
            81.60882305241266,
            69.35416353759881,
            26.68332812825267,
            40.26164427839479,
            76.00657866263946,
            9.219544457292887,
            80.32434251209281,
            27.294688127912362,
            77.82673062643708,
            25.96150997149434
        ],
        [
            53.665631459994955,
            9.848857801796104,
            62.24146527838174,
            105.30432089900205,
            96.76776322722355,
            81.00617260431454,
            100.31948963187563,
            5.830951894845301,
            97.52948272189288,
            4.123105625617661,
            1.0,
            74.43117626371358,
            4.47213595499958,
            55.31726674375732,
            91.39474820797966,
            69.35416353759881,
            0.0,
            12.041594578792296,
            98.43271813782245,
            73.57309290766564,
            7.0710678118654755,
            97.75479527879949,
            77.82030583337487,
            6.324555320336759,
            94.64142856064674,
            99.84988733093293,
            98.08159868191383,
            91.92388155425118,
            109.20164833920778,
            12.041594578792296,
            77.82673062643708,
            100.64790112068906,
            57.3149195236284,
            106.77546534667971,
            90.70832376358854
        ],
        [
            43.829214001622255,
            18.867962264113206,
            71.7007670809734,
            103.16006979447037,
            102.04410811016969,
            88.23264701911646,
            97.12363255150623,
            10.816653826391969,
            93.40770846134703,
            12.083045973594572,
            12.0,
            82.00609733428362,
            8.54400374531753,
            64.4437739428721,
            96.66436778875658,
            76.00657866263946,
            12.041594578792296,
            0.0,
            95.80187889597991,
            81.21576201698781,
            9.219544457292887,
            93.1074647920348,
            84.59905436823747,
            15.652475842498529,
            99.53893710503444,
            95.46203433826454,
            95.56673061269805,
            96.56603957913983,
            114.93476410555685,
            0.0,
            84.87638069569178,
            96.56603957913983,
            67.20119046564577,
            103.84603988597736,
            95.2732911156112
        ],
        [
            69.2314957226839,
            91.706052144883,
            91.0659101969557,
            8.246211251235321,
            65.0,
            76.92203845452875,
            5.0,
            92.69843580125827,
            12.529964086141668,
            94.33981132056604,
            99.36800289831733,
            78.18567643756751,
            95.1892851112981,
            86.83893136145792,
            63.198101237299845,
            70.26378868236469,
            98.43271813782245,
            95.80187889597991,
            0.0,
            78.54934754662193,
            92.02716990106781,
            17.0,
            72.42237223399962,
            93.62157870918435,
            61.00819617067857,
            14.866068747318506,
            1.0,
            58.077534382926416,
            74.67261881037788,
            95.80187889597991,
            74.63243262818116,
            12.36931687685298,
            93.47726996441435,
            8.602325267042627,
            57.14017850864661
        ],
        [
            94.42986815621421,
            63.812224534175265,
            18.681541692269406,
            80.06247560499239,
            30.083217912982647,
            8.06225774829855,
            83.21658488546619,
            71.02816342831905,
            87.09190547921202,
            70.7248188403477,
            74.43117626371358,
            1.0,
            74.06078584514209,
            21.095023109728988,
            26.0,
            9.0,
            73.57309290766564,
            81.21576201698781,
            78.54934754662193,
            0.0,
            72.20110802473879,
            90.47098982546837,
            8.06225774829855,
            67.4166151627327,
            30.463092423455635,
            90.24965373894794,
            77.62087348130012,
            30.01666203960727,
            39.01281840626232,
            81.21576201698781,
            6.324555320336759,
            88.88756943465155,
            24.331050121192877,
            85.90692637965812,
            29.68164415931166
        ],
        [
            47.01063709417264,
            9.848857801796104,
            62.48199740725323,
            99.04039579888602,
            93.77632963600144,
            79.32212806020776,
            93.77632963600144,
            2.0,
            90.78546139112804,
            4.123105625617661,
            7.810249675906654,
            73.00684899377592,
            3.1622776601683795,
            55.226805085936306,
            88.3911760301898,
            67.23094525588644,
            7.0710678118654755,
            9.219544457292887,
            92.02716990106781,
            72.20110802473879,
            0.0,
            90.91754506144565,
            75.8023746329889,
            7.0710678118654755,
            91.4166286842826,
            93.05912099305473,
            91.706052144883,
            88.54377448471462,
            106.51291001564083,
            9.219544457292887,
            76.00657866263946,
            93.91485505499116,
            58.008620049092706,
            100.30453628824571,
            87.28115489611719
        ],
        [
            60.03332407921454,
            92.41753080449618,
            100.84641788382967,
            23.345235059857504,
            80.39900496896712,
            89.94442728707543,
            12.806248474865697,
            91.92388155425118,
            4.47213595499958,
            93.81364506296512,
            98.6154146165801,
            90.24411338142782,
            94.02127418834527,
            95.70788891204319,
            78.05767098754612,
            81.74350127074322,
            97.75479527879949,
            93.1074647920348,
            17.0,
            90.47098982546837,
            90.91754506144565,
            0.0,
            85.15867542417507,
            93.74433316206373,
            76.32168761236873,
            3.1622776601683795,
            17.88854381999832,
            73.17103251970687,
            90.80198235721508,
            93.1074647920348,
            87.29833904490967,
            5.830951894845301,
            102.41581909060729,
            18.027756377319946,
            72.11102550927978
        ],
        [
            94.02127418834527,
            67.97793759742936,
            26.570660511172846,
            73.40980860893181,
            22.360679774997898,
            5.0990195135927845,
            77.20103626247513,
            74.79304780526061,
            81.58431221748455,
            74.70609078247904,
            78.7210264160726,
            7.211102550927978,
            77.89736837660179,
            28.071337695236398,
            18.027756377319946,
            8.602325267042627,
            77.82030583337487,
            84.59905436823747,
            72.42237223399962,
            8.06225774829855,
            75.8023746329889,
            85.15867542417507,
            0.0,
            71.55417527999327,
            22.47220505424423,
            84.72307831990054,
            71.47027354082255,
            21.95449840010015,
            32.38826948140329,
            84.59905436823747,
            2.23606797749979,
            83.19855767980596,
            32.01562118716424,
            79.47955712005447,
            21.633307652783937
        ],
        [
            53.14132102234569,
            3.605551275463989,
            56.586217403180434,
            100.30453628824571,
            90.44335243676011,
            74.79304780526061,
            95.70788891204319,
            5.0990195135927845,
            93.29523031752481,
            3.605551275463989,
            7.280109889280518,
            68.26419266350405,
            7.211102550927978,
            49.51767361255979,
            85.07055894961546,
            63.071388124885914,
            6.324555320336759,
            15.652475842498529,
            93.62157870918435,
            67.4166151627327,
            7.0710678118654755,
            93.74433316206373,
            71.55417527999327,
            0.0,
            88.32326986700618,
            95.71833680126291,
            93.23089616645332,
            85.61541917201598,
            102.88342918079665,
            15.652475842498529,
            71.58910531638176,
            96.38464608017192,
            51.85556864985669,
            102.04410811016969,
            84.40379138403677
        ],
        [
            99.82484660644363,
            84.8999411071645,
            49.040799340956916,
            59.682493245507096,
            4.123105625617661,
            23.853720883753127,
            66.007575322837,
            90.75791976461338,
            72.17340230306452,
            91.09335870413386,
            95.60334722173695,
            29.546573405388315,
            93.92017887546851,
            50.00999900019995,
            4.47213595499958,
            28.160255680657446,
            94.64142856064674,
            99.53893710503444,
            61.00819617067857,
            30.463092423455635,
            91.4166286842826,
            76.32168761236873,
            22.47220505424423,
            88.32326986700618,
            0.0,
            75.1065909225016,
            60.00833275470999,
            3.605551275463989,
            17.029386365926403,
            99.53893710503444,
            24.166091947189145,
            73.02739212103907,
            54.405882034941776,
            66.48308055437865,
            5.0
        ],
        [
            63.00793600809346,
            94.30270409696638,
            101.13357503816425,
            20.615528128088304,
            79.1580697086532,
            89.44271909999159,
            10.295630140987,
            94.02127418834527,
            3.1622776601683795,
            95.88013350011565,
            100.72239075796404,
            89.98888820293314,
            96.17692030835673,
            96.17692030835673,
            77.0,
            81.60882305241266,
            99.84988733093293,
            95.46203433826454,
            14.866068747318506,
            90.24965373894794,
            93.05912099305473,
            3.1622776601683795,
            84.72307831990054,
            95.71833680126291,
            75.1065909225016,
            0.0,
            15.811388300841896,
            72.02777242147643,
            89.26925562588724,
            95.46203433826454,
            86.88498144098322,
            2.8284271247461903,
            102.88342918079665,
            15.0,
            71.00704190430693
        ],
        [
            69.42621983083913,
            91.28526715741155,
            90.21086409075129,
            8.06225774829855,
            64.0,
            75.96051605933177,
            6.0,
            92.35799911215054,
            13.416407864998739,
            93.98404119849285,
            99.02019995940222,
            77.25283166331187,
            94.86832980505137,
            86.02325267042627,
            62.20128616033595,
            69.35416353759881,
            98.08159868191383,
            95.56673061269805,
            1.0,
            77.62087348130012,
            91.706052144883,
            17.88854381999832,
            71.47027354082255,
            93.23089616645332,
            60.00833275470999,
            15.811388300841896,
            0.0,
            57.07889277132134,
            73.68174807915459,
            95.56673061269805,
            73.68174807915459,
            13.341664064126334,
            92.65527507918802,
            9.219544457292887,
            56.142675390472796
        ],
        [
            96.26006440887103,
            82.22530024268686,
            48.33218389437829,
            57.0701322935211,
            7.615773105863909,
            24.08318915758459,
            63.071388124885914,
            87.93179174792243,
            69.06518659932803,
            88.32326986700618,
            92.89241088485109,
            29.154759474226502,
            91.09335870413386,
            48.76474136094644,
            5.385164807134504,
            26.68332812825267,
            91.92388155425118,
            96.56603957913983,
            58.077534382926416,
            30.01666203960727,
            88.54377448471462,
            73.17103251970687,
            21.95449840010015,
            85.61541917201598,
            3.605551275463989,
            72.02777242147643,
            57.07889277132134,
            0.0,
            20.615528128088304,
            96.56603957913983,
            23.853720883753127,
            70.0,
            53.48831648126533,
            63.788713735268246,
            1.4142135623730951
        ],
        [
            116.84605256490268,
            99.36800289831733,
            57.14017850864661,
            72.02777242147643,
            13.45362404707371,
            31.0,
            79.63039620647382,
            105.70241246064349,
            86.49277426467485,
            105.84894897919393,
            110.13627921806692,
            38.01315561749642,
            108.85311203635843,
            60.07495318350236,
            18.601075237738275,
            40.26164427839479,
            109.20164833920778,
            114.93476410555685,
            74.67261881037788,
            39.01281840626232,
            106.51291001564083,
            90.80198235721508,
            32.38826948140329,
            102.88342918079665,
            17.029386365926403,
            89.26925562588724,
            73.68174807915459,
            20.615528128088304,
            0.0,
            114.93476410555685,
            33.13608305156178,
            86.97700845625813,
            63.071388124885914,
            79.05694150420949,
            22.02271554554524
        ],
        [
            43.829214001622255,
            18.867962264113206,
            71.7007670809734,
            103.16006979447037,
            102.04410811016969,
            88.23264701911646,
            97.12363255150623,
            10.816653826391969,
            93.40770846134703,
            12.083045973594572,
            12.0,
            82.00609733428362,
            8.54400374531753,
            64.4437739428721,
            96.66436778875658,
            76.00657866263946,
            12.041594578792296,
            0.0,
            95.80187889597991,
            81.21576201698781,
            9.219544457292887,
            93.1074647920348,
            84.59905436823747,
            15.652475842498529,
            99.53893710503444,
            95.46203433826454,
            95.56673061269805,
            96.56603957913983,
            114.93476410555685,
            0.0,
            84.87638069569178,
            96.56603957913983,
            67.20119046564577,
            103.84603988597736,
            95.2732911156112
        ],
        [
            95.29428104561154,
            68.0,
            25.0,
            75.64390259630977,
            23.769728648009426,
            3.605551275463989,
            79.40403012442127,
            74.94664769020693,
            83.74365647617735,
            74.79304780526061,
            78.71467461661771,
            5.385164807134504,
            78.03204469959762,
            27.0,
            19.697715603592208,
            9.219544457292887,
            77.82673062643708,
            84.87638069569178,
            74.63243262818116,
            6.324555320336759,
            76.00657866263946,
            87.29833904490967,
            2.23606797749979,
            71.58910531638176,
            24.166091947189145,
            86.88498144098322,
            73.68174807915459,
            23.853720883753127,
